TN:4697
FP:291
FN:463
TP:549

TPR:0.54121
TNR:0.93984
PPV:0.64268
NPV:0.91098
F1score:0.58749
MCC:0.42302
ACC:0.87334

°õ¦æ®É¶¡:0:01:18.684639