TN:757
FP:258
FN:442
TP:543

TPR:0.56776
TNR:0.74513
PPV:0.69047
NPV:0.63282
F1score:0.62303
MCC:0.18953
ACC:0.6565

°õ¦æ®É¶¡:0:00:15.036001