TN:2981
FP:2
FN:788
TP:229

TPR:0.23887
TNR:0.99869
PPV:0.98387
NPV:0.79742
F1score:0.38432
MCC:0.37793
ACC:0.80876

°õ¦æ®É¶¡:0:05:19.358694