TN:2927
FP:34
FN:941
TP:98

TPR:0.09745
TNR:0.99232
PPV:0.81006
NPV:0.76734
F1score:0.17393
MCC:0.0189
ACC:0.7686000000000001

°õ¦æ®É¶¡:0:56:14.259059