TN:4983
FP:4
FN:615
TP:398

TPR:0.41999000000000003
TNR:0.9987
PPV:0.98478
NPV:0.8958699999999999
F1score:0.58862
MCC:0.5769299999999999
ACC:0.90218

°õ¦æ®É¶¡:0:09:20.883906