TN:790
FP:227
FN:343
TP:640

TPR:0.66003
TNR:0.79167
PPV:0.76004
NPV:0.69956
F1score:0.7064
MCC:0.36073
ACC:0.7258

°õ¦æ®É¶¡:0:02:04.814431