TN:706
FP:288
FN:393
TP:613

TPR:0.62902
TNR:0.7075400000000001
PPV:0.68282
NPV:0.65593
F1score:0.65473
MCC:0.23754999999999998
ACC:0.6683

°õ¦æ®É¶¡:0:14:22.203191