TN:2622
FP:394
FN:545
TP:439

TPR:0.44359
TNR:0.86007
PPV:0.51383
NPV:0.8226100000000001
F1score:0.47606
MCC:0.17757
ACC:0.75594

°õ¦æ®É¶¡:0:00:38.501967