TN:5063
FP:2
FN:885
TP:50

TPR:0.04549
TNR:0.9992
PPV:0.9192400000000001
NPV:0.83958
F1score:0.08657999999999999
MCC:0.06897
ACC:0.84021

°õ¦æ®É¶¡:1:19:46.344526